NACA 0004
    1.000000       0.000000    
   0.9953365      0.6578764E-03
   0.9869064      0.1032372E-02
   0.9767089      0.1494636E-02
   0.9662871      0.1964625E-02
   0.9558522      0.2430011E-02
   0.9454155      0.2889778E-02
   0.9349783      0.3343883E-02
   0.9245407      0.3792440E-02
   0.9141028      0.4235551E-02
   0.9036646      0.4673301E-02
   0.8932260      0.5105775E-02
   0.8827871      0.5533047E-02
   0.8723479      0.5955186E-02
   0.8619084      0.6372255E-02
   0.8514687      0.6784308E-02
   0.8410287      0.7191395E-02
   0.8305884      0.7593557E-02
   0.8201479      0.7990828E-02
   0.8097072      0.8383236E-02
   0.7992663      0.8770803E-02
   0.7888252      0.9153540E-02
   0.7783840      0.9531454E-02
   0.7679425      0.9904545E-02
   0.7575009      0.1027280E-01
   0.7470592      0.1063621E-01
   0.7366173      0.1099475E-01
   0.7261753      0.1134839E-01
   0.7157332      0.1169708E-01
   0.7052910      0.1204079E-01
   0.6948487      0.1237946E-01
   0.6844064      0.1271302E-01
   0.6739639      0.1304140E-01
   0.6635215      0.1336453E-01
   0.6530789      0.1368232E-01
   0.6426364      0.1399467E-01
   0.6321938      0.1430149E-01
   0.6217513      0.1460264E-01
   0.6113087      0.1489802E-01
   0.6008662      0.1518749E-01
   0.5904237      0.1547091E-01
   0.5799812      0.1574813E-01
   0.5695388      0.1601898E-01
   0.5590965      0.1628330E-01
   0.5486542      0.1654091E-01
   0.5382121      0.1679161E-01
   0.5277701      0.1703519E-01
   0.5173282      0.1727146E-01
   0.5068864      0.1750016E-01
   0.4964448      0.1772108E-01
   0.4860034      0.1793395E-01
   0.4755622      0.1813850E-01
   0.4651213      0.1833447E-01
   0.4546806      0.1852155E-01
   0.4442401      0.1869944E-01
   0.4338000      0.1886780E-01
   0.4233601      0.1902630E-01
   0.4129207      0.1917458E-01
   0.4024816      0.1931225E-01
   0.3920429      0.1943891E-01
   0.3816047      0.1955415E-01
   0.3711670      0.1965751E-01
   0.3607298      0.1974854E-01
   0.3502932      0.1982672E-01
   0.3398573      0.1989154E-01
   0.3294221      0.1994245E-01
   0.3189876      0.1997884E-01
   0.3085540      0.2000009E-01
   0.2981213      0.2000554E-01
   0.2876896      0.1999446E-01
   0.2772591      0.1996610E-01
   0.2668297      0.1991962E-01
   0.2564018      0.1985416E-01
   0.2459753      0.1976874E-01
   0.2355505      0.1966234E-01
   0.2251276      0.1953382E-01
   0.2147067      0.1938195E-01
   0.2042883      0.1920536E-01
   0.1938724      0.1900257E-01
   0.1834596      0.1877188E-01
   0.1730503      0.1851143E-01
   0.1626449      0.1821910E-01
   0.1522441      0.1789246E-01
   0.1418488      0.1752875E-01
   0.1314598      0.1712471E-01
   0.1210784      0.1667656E-01
   0.1107063      0.1617971E-01
   0.1003457      0.1562865E-01
   0.8999947E-01  0.1501649E-01
   0.7967188E-01  0.1433456E-01
   0.6936910E-01  0.1357154E-01
   0.5910068E-01  0.1271219E-01
   0.4888238E-01  0.1173520E-01
   0.3874253E-01  0.1060924E-01
   0.2873914E-01  0.9285502E-02
   0.1902221E-01  0.7685346E-02
   0.1021921E-01  0.5737927E-02
   0.4395334E-02  0.3824624E-02
   0.1673809E-02  0.2387163E-02
   0.3921243E-03  0.1166067E-02
    0.000000       0.000000    
   0.3921243E-03 -0.1166067E-02
   0.1673809E-02 -0.2387163E-02
   0.4395334E-02 -0.3824624E-02
   0.1021921E-01 -0.5737927E-02
   0.1902221E-01 -0.7685346E-02
   0.2873914E-01 -0.9285502E-02
   0.3874253E-01 -0.1060924E-01
   0.4888238E-01 -0.1173520E-01
   0.5910068E-01 -0.1271219E-01
   0.6936910E-01 -0.1357154E-01
   0.7967188E-01 -0.1433456E-01
   0.8999947E-01 -0.1501649E-01
   0.1003457     -0.1562865E-01
   0.1107063     -0.1617971E-01
   0.1210784     -0.1667656E-01
   0.1314598     -0.1712471E-01
   0.1418488     -0.1752875E-01
   0.1522441     -0.1789246E-01
   0.1626449     -0.1821910E-01
   0.1730503     -0.1851143E-01
   0.1834596     -0.1877188E-01
   0.1938724     -0.1900257E-01
   0.2042883     -0.1920536E-01
   0.2147067     -0.1938195E-01
   0.2251276     -0.1953382E-01
   0.2355505     -0.1966234E-01
   0.2459753     -0.1976874E-01
   0.2564018     -0.1985416E-01
   0.2668297     -0.1991962E-01
   0.2772591     -0.1996610E-01
   0.2876896     -0.1999446E-01
   0.2981213     -0.2000554E-01
   0.3085540     -0.2000009E-01
   0.3189876     -0.1997884E-01
   0.3294221     -0.1994245E-01
   0.3398573     -0.1989154E-01
   0.3502932     -0.1982672E-01
   0.3607298     -0.1974854E-01
   0.3711670     -0.1965751E-01
   0.3816047     -0.1955415E-01
   0.3920429     -0.1943891E-01
   0.4024816     -0.1931225E-01
   0.4129207     -0.1917458E-01
   0.4233601     -0.1902630E-01
   0.4338000     -0.1886780E-01
   0.4442401     -0.1869944E-01
   0.4546806     -0.1852155E-01
   0.4651213     -0.1833447E-01
   0.4755622     -0.1813850E-01
   0.4860034     -0.1793395E-01
   0.4964448     -0.1772108E-01
   0.5068864     -0.1750016E-01
   0.5173282     -0.1727146E-01
   0.5277701     -0.1703519E-01
   0.5382121     -0.1679161E-01
   0.5486542     -0.1654091E-01
   0.5590965     -0.1628330E-01
   0.5695388     -0.1601898E-01
   0.5799812     -0.1574813E-01
   0.5904237     -0.1547091E-01
   0.6008662     -0.1518749E-01
   0.6113087     -0.1489802E-01
   0.6217513     -0.1460264E-01
   0.6321938     -0.1430149E-01
   0.6426364     -0.1399467E-01
   0.6530789     -0.1368232E-01
   0.6635215     -0.1336453E-01
   0.6739639     -0.1304140E-01
   0.6844064     -0.1271302E-01
   0.6948487     -0.1237946E-01
   0.7052910     -0.1204079E-01
   0.7157332     -0.1169708E-01
   0.7261753     -0.1134839E-01
   0.7366173     -0.1099475E-01
   0.7470592     -0.1063621E-01
   0.7575009     -0.1027280E-01
   0.7679425     -0.9904545E-02
   0.7783840     -0.9531454E-02
   0.7888252     -0.9153540E-02
   0.7992663     -0.8770803E-02
   0.8097072     -0.8383236E-02
   0.8201479     -0.7990828E-02
   0.8305884     -0.7593557E-02
   0.8410287     -0.7191395E-02
   0.8514687     -0.6784308E-02
   0.8619084     -0.6372255E-02
   0.8723479     -0.5955186E-02
   0.8827871     -0.5533047E-02
   0.8932260     -0.5105775E-02
   0.9036646     -0.4673301E-02
   0.9141028     -0.4235551E-02
   0.9245407     -0.3792440E-02
   0.9349783     -0.3343883E-02
   0.9454155     -0.2889778E-02
   0.9558522     -0.2430011E-02
   0.9662871     -0.1964625E-02
   0.9767089     -0.1494636E-02
   0.9869064     -0.1032372E-02
   0.9953365     -0.6578764E-03
    1.000000       0.000000    
