#    s        x        y     Ue/Vinf    Dstar     Theta      Cf       H
   0.00000  1.00000  0.00000  0.86621  0.007186  0.004206  0.001585     1.708
   0.00715  0.99287  0.00052  0.87942  0.006596  0.003970  0.001793     1.661
   0.02086  0.97924  0.00196  0.90389  0.005687  0.003578  0.002190     1.589
   0.03644  0.96375  0.00370  0.92699  0.004992  0.003249  0.002575     1.536
   0.05250  0.94778  0.00539  0.94274  0.004583  0.003038  0.002833     1.509
   0.06875  0.93161  0.00702  0.95330  0.004330  0.002896  0.002997     1.495
   0.08511  0.91533  0.00863  0.96161  0.004139  0.002783  0.003119     1.487
   0.10149  0.89903  0.01027  0.96918  0.003971  0.002680  0.003229     1.482
   0.11784  0.88277  0.01194  0.97642  0.003815  0.002584  0.003335     1.477
   0.13419  0.86651  0.01365  0.98374  0.003663  0.002489  0.003444     1.472
   0.15054  0.85025  0.01540  0.99106  0.003517  0.002397  0.003555     1.467
   0.16691  0.83398  0.01718  0.99836  0.003376  0.002307  0.003667     1.463
   0.18328  0.81771  0.01900  1.00563  0.003241  0.002220  0.003779     1.460
   0.19966  0.80144  0.02086  1.01306  0.003108  0.002134  0.003895     1.457
   0.21605  0.78516  0.02273  1.02047  0.002980  0.002050  0.004010     1.454
   0.23244  0.76888  0.02464  1.02824  0.002853  0.001965  0.004133     1.452
   0.24885  0.75258  0.02657  1.03603  0.002731  0.001883  0.004253     1.450
   0.26527  0.73628  0.02851  1.04395  0.002612  0.001802  0.004371     1.450
   0.28171  0.71996  0.03047  1.05215  0.002497  0.001721  0.004488     1.451
   0.29815  0.70363  0.03243  1.06015  0.002391  0.001644  0.004584     1.455
   0.31459  0.68731  0.03438  1.06844  0.002290  0.001567  0.004665     1.461
   0.33102  0.67100  0.03634  1.07654  0.002200  0.001493  0.004703     1.473
   0.34744  0.65469  0.03827  1.08468  0.002124  0.001422  0.004683     1.493
   0.36384  0.63840  0.04019  1.09285  0.002065  0.001354  0.004571     1.525
   0.38023  0.62212  0.04209  1.10087  0.002035  0.001289  0.004305     1.579
   0.39660  0.60586  0.04396  1.10916  0.002050  0.001228  0.003813     1.670
   0.41295  0.58961  0.04578  1.11857  0.002140  0.001167  0.003002     1.833
   0.42928  0.57338  0.04756  1.13267  0.002347  0.001095  0.001874     2.142
   0.44557  0.55718  0.04928  1.15810  0.002695  0.000985  0.000802     2.736
   0.46183  0.54100  0.05092  1.19555  0.003079  0.000832  0.000058     3.699
   0.47805  0.52485  0.05248  1.20920  0.003216  0.000778 -0.000105     4.131
   0.49424  0.50873  0.05394  1.21309  0.003167  0.000764 -0.000111     4.145
   0.51040  0.49263  0.05529  1.21716  0.003027  0.000749 -0.000082     4.041
   0.52654  0.47654  0.05653  1.22152  0.002846  0.000733 -0.000022     3.880
   0.54265  0.46046  0.05763  1.22630  0.002652  0.000717  0.000069     3.700
   0.55876  0.44439  0.05860  1.23154  0.002464  0.000699  0.000190     3.524
   0.57485  0.42832  0.05944  1.23719  0.002293  0.000681  0.000331     3.368
   0.59093  0.41225  0.06013  1.24311  0.002142  0.000662  0.000484     3.237
   0.60700  0.39619  0.06068  1.24906  0.002013  0.000643  0.000635     3.133
   0.62306  0.38014  0.06107  1.25491  0.001904  0.000624  0.000779     3.051
   0.63911  0.36408  0.06132  1.26046  0.001814  0.000606  0.000903     2.993
   0.65517  0.34802  0.06141  1.26568  0.001740  0.000589  0.001003     2.954
   0.67125  0.33195  0.06135  1.27067  0.001677  0.000572  0.001083     2.930
   0.68733  0.31587  0.06115  1.27554  0.001622  0.000556  0.001148     2.916
   0.70342  0.29978  0.06081  1.28055  0.001568  0.000540  0.001215     2.903
   0.71951  0.28370  0.06032  1.28557  0.001518  0.000524  0.001269     2.898
   0.73559  0.26763  0.05969  1.29096  0.001464  0.000507  0.001341     2.888
   0.75166  0.25158  0.05892  1.29659  0.001409  0.000490  0.001421     2.877
   0.76770  0.23556  0.05799  1.30247  0.001354  0.000472  0.001506     2.868
   0.78372  0.21958  0.05691  1.30870  0.001296  0.000454  0.001609     2.855
   0.79971  0.20364  0.05565  1.31513  0.001240  0.000436  0.001709     2.847
   0.81567  0.18775  0.05421  1.32190  0.001185  0.000417  0.001813     2.841
   0.83159  0.17191  0.05258  1.32917  0.001128  0.000398  0.001931     2.835
   0.84747  0.15614  0.05074  1.33702  0.001069  0.000378  0.002064     2.829
   0.86328  0.14046  0.04868  1.34572  0.001006  0.000357  0.002244     2.818
   0.87902  0.12490  0.04638  1.35511  0.000940  0.000335  0.002459     2.805
   0.89463  0.10950  0.04380  1.36524  0.000874  0.000313  0.002700     2.795
   0.91010  0.09430  0.04093  1.37645  0.000805  0.000289  0.002993     2.785
   0.92544  0.07930  0.03770  1.38931  0.000729  0.000264  0.003455     2.759
   0.94052  0.06466  0.03408  1.40291  0.000654  0.000238  0.003953     2.746
   0.95495  0.05079  0.03010  1.41809  0.000583  0.000212  0.004430     2.755
   0.96876  0.03769  0.02570  1.43768  0.000493  0.000182  0.005618     2.711
   0.98151  0.02588  0.02091  1.45601  0.000397  0.000152  0.007870     2.620
   0.99097  0.01741  0.01671  1.46603  0.000346  0.000129  0.008480     2.679
   0.99801  0.01135  0.01312  1.48827  0.000303  0.000107  0.008153     2.825
   1.00382  0.00663  0.00973  1.51848  0.000205  0.000082  0.018288     2.495
   1.00809  0.00354  0.00678  1.50223  0.000173  0.000068  0.020271     2.548
   1.01107  0.00168  0.00446  1.49962  0.000138  0.000054  0.024429     2.579
   1.01328  0.00059  0.00254  1.48430  0.000099  0.000040  0.038093     2.463
   1.01507  0.00007  0.00082  1.38244  0.000073  0.000031  0.055152     2.335
   1.01672  0.00007 -0.00082  1.10444  0.000062  0.000028  0.059607     2.182
   1.01851  0.00059 -0.00254  0.72745  0.000072  0.000033  0.032626     2.213
   1.02071  0.00168 -0.00446  0.39520  0.000084  0.000038  0.015483     2.193
   1.02370  0.00354 -0.00678  0.11571  0.000119  0.000053  0.003104     2.230
   1.02797  0.00663 -0.00973 -0.13730  0.000119  0.000053  0.003683     2.230
   1.03378  0.01135 -0.01312 -0.33789  0.000177  0.000076  0.005616     2.320
   1.04082  0.01741 -0.01671 -0.48399  0.000200  0.000090  0.007767     2.225
   1.05027  0.02588 -0.02091 -0.61597  0.000249  0.000107  0.007196     2.331
   1.06302  0.03770 -0.02570 -0.72083  0.000299  0.000130  0.007186     2.306
   1.07684  0.05079 -0.03010 -0.79312  0.000359  0.000152  0.006274     2.356
   1.09127  0.06466 -0.03408 -0.84623  0.000405  0.000173  0.006011     2.344
   1.10635  0.07930 -0.03770 -0.88679  0.000457  0.000193  0.005442     2.370
   1.12169  0.09430 -0.04093 -0.91721  0.000506  0.000212  0.005032     2.381
   1.13716  0.10950 -0.04380 -0.94169  0.000550  0.000230  0.004722     2.387
   1.15277  0.12490 -0.04638 -0.96135  0.000595  0.000248  0.004408     2.398
   1.16851  0.14046 -0.04868 -0.97776  0.000637  0.000265  0.004162     2.404
   1.18432  0.15614 -0.05074 -0.99133  0.000679  0.000281  0.003924     2.413
   1.20020  0.17191 -0.05258 -1.00323  0.000717  0.000297  0.003749     2.416
   1.21612  0.18775 -0.05421 -1.01340  0.000755  0.000312  0.003570     2.423
   1.23208  0.20364 -0.05565 -1.02248  0.000791  0.000326  0.003430     2.426
   1.24807  0.21958 -0.05691 -1.03025  0.000828  0.000340  0.003277     2.433
   1.26409  0.23556 -0.05799 -1.03708  0.000864  0.000354  0.003145     2.438
   1.28013  0.25158 -0.05892 -1.04321  0.000898  0.000368  0.003030     2.442
   1.29620  0.26763 -0.05969 -1.04855  0.000933  0.000381  0.002914     2.448
   1.31228  0.28370 -0.06032 -1.05345  0.000965  0.000394  0.002820     2.451
   1.32837  0.29978 -0.06081 -1.05825  0.000994  0.000406  0.002754     2.450
   1.34446  0.31587 -0.06115 -1.06238  0.001026  0.000418  0.002667     2.454
   1.36054  0.33195 -0.06135 -1.06617  0.001057  0.000430  0.002589     2.458
   1.37661  0.34802 -0.06141 -1.06930  0.001090  0.000442  0.002496     2.465
   1.39268  0.36408 -0.06132 -1.07193  0.001124  0.000454  0.002406     2.474
   1.40873  0.38014 -0.06107 -1.07349  0.001166  0.000468  0.002279     2.492
   1.42479  0.39619 -0.06068 -1.07430  0.001210  0.000482  0.002152     2.512
   1.44086  0.41225 -0.06013 -1.07416  0.001260  0.000496  0.002009     2.538
   1.45694  0.42832 -0.05944 -1.07322  0.001314  0.000512  0.001863     2.567
   1.47303  0.44439 -0.05860 -1.07153  0.001373  0.000528  0.001714     2.600
   1.48913  0.46046 -0.05763 -1.06907  0.001439  0.000545  0.001560     2.639
   1.50525  0.47654 -0.05653 -1.06586  0.001513  0.000564  0.001399     2.685
   1.52139  0.49263 -0.05529 -1.06201  0.001596  0.000583  0.001237     2.739
   1.53755  0.50873 -0.05394 -1.05761  0.001688  0.000603  0.001075     2.800
   1.55374  0.52486 -0.05248 -1.05274  0.001791  0.000624  0.000914     2.872
   1.56996  0.54100 -0.05092 -1.04747  0.001909  0.000645  0.000752     2.958
   1.58622  0.55718 -0.04928 -1.04210  0.002036  0.000667  0.000605     3.051
   1.60251  0.57338 -0.04756 -1.03673  0.002173  0.000689  0.000470     3.153
   1.61884  0.58961 -0.04578 -1.03153  0.002316  0.000711  0.000355     3.258
   1.63519  0.60586 -0.04396 -1.02652  0.002468  0.000732  0.000253     3.372
   1.65156  0.62212 -0.04209 -1.02177  0.002624  0.000752  0.000168     3.489
   1.66795  0.63840 -0.04019 -1.01729  0.002787  0.000772  0.000095     3.611
   1.68435  0.65469 -0.03827 -1.01311  0.002951  0.000790  0.000038     3.733
   1.70077  0.67100 -0.03634 -1.00919  0.003120  0.000809 -0.000010     3.859
   1.71720  0.68731 -0.03438 -1.00553  0.003287  0.000826 -0.000046     3.980
   1.73364  0.70363 -0.03243 -1.00208  0.003451  0.000843 -0.000072     4.095
   1.75008  0.71996 -0.03047 -0.99884  0.003608  0.000859 -0.000091     4.201
   1.76652  0.73628 -0.02851 -0.99577  0.003752  0.000875 -0.000104     4.289
   1.78294  0.75258 -0.02657 -0.99284  0.003878  0.000890 -0.000111     4.356
   1.79935  0.76888 -0.02464 -0.99004  0.003982  0.000906 -0.000114     4.397
   1.81574  0.78516 -0.02273 -0.98735  0.004053  0.000921 -0.000112     4.403
   1.83213  0.80144 -0.02086 -0.98474  0.004086  0.000935 -0.000106     4.368
   1.84851  0.81771 -0.01900 -0.98218  0.004071  0.000950 -0.000094     4.286
   1.86488  0.83398 -0.01718 -0.97966  0.004002  0.000965 -0.000071     4.149
   1.88125  0.85025 -0.01540 -0.97721  0.003852  0.000979 -0.000027     3.935
   1.89760  0.86651 -0.01365 -0.97231  0.003587  0.001008  0.000090     3.560
   1.91394  0.88277 -0.01194 -0.95322  0.003146  0.001119  0.000513     2.810
   1.93030  0.89903 -0.01027 -0.93938  0.002715  0.001204  0.001105     2.256
   1.94668  0.91533 -0.00863 -0.93317  0.002397  0.001251  0.001894     1.917
   1.96304  0.93161 -0.00702 -0.93170  0.002200  0.001279  0.002597     1.719
   1.97929  0.94778 -0.00539 -0.92996  0.002116  0.001315  0.003073     1.610
   1.99535  0.96375 -0.00370 -0.92353  0.002144  0.001378  0.003263     1.556
   2.01093  0.97924 -0.00196 -0.90593  0.002341  0.001506  0.003077     1.554
   2.02464  0.99287 -0.00052 -0.88198  0.002667  0.001683  0.002694     1.585
   2.03179  1.00000  0.00000 -0.86621  0.002921  0.001808  0.002425     1.616
   2.03179  1.00010 -0.00000  0.86621  0.010107  0.006015  0.000000     1.680
   2.03894  1.00725  0.00001  0.88897  0.008618  0.005474  0.000000     1.574
   2.04758  1.01589  0.00006  0.90159  0.007894  0.005208  0.000000     1.516
   2.05801  1.02632  0.00014  0.91273  0.007312  0.004989  0.000000     1.466
   2.07062  1.03893  0.00027  0.92262  0.006828  0.004807  0.000000     1.420
   2.08586  1.05417  0.00046  0.93157  0.006412  0.004652  0.000000     1.378
   2.10427  1.07258  0.00072  0.93970  0.006047  0.004518  0.000000     1.338
   2.12652  1.09482  0.00109  0.94714  0.005723  0.004402  0.000000     1.300
   2.15340  1.12170  0.00160  0.95394  0.005432  0.004300  0.000000     1.263
   2.18588  1.15417  0.00228  0.96016  0.005172  0.004210  0.000000     1.229
   2.22513  1.19341  0.00321  0.96583  0.004939  0.004131  0.000000     1.196
   2.27254  1.24081  0.00445  0.97098  0.004733  0.004062  0.000000     1.165
   2.32984  1.29808  0.00609  0.97561  0.004552  0.004001  0.000000     1.138
   2.39907  1.36728  0.00826  0.97975  0.004396  0.003949  0.000000     1.113
   2.48272  1.45088  0.01112  0.98339  0.004264  0.003903  0.000000     1.092
   2.58379  1.55188  0.01485  0.98654  0.004155  0.003865  0.000000     1.075
   2.70592  1.67391  0.01970  0.98924  0.004065  0.003833  0.000000     1.061
   2.85348  1.82134  0.02596  0.99150  0.003994  0.003806  0.000000     1.049
   3.03178  1.99946  0.03401  0.99349  0.003936  0.003783  0.000000     1.040
